48.852238 20.223486 149.984573
48.831482 20.214653 149.984268
48.779018 20.192326 149.983490
48.707256 20.161787 149.982422
46.449345 19.200899 149.948837
46.115257 19.058723 149.943863
44.832779 18.512945 149.924789
43.652798 18.010786 149.907242
42.805481 17.650198 149.894638
42.571545 17.550642 149.891159
42.552555 17.542561 149.890869
41.803505 17.223791 149.879730
41.145092 16.943594 149.869934
40.676830 16.744318 149.862976
40.080624 16.490593 149.854111
39.880329 16.405354 149.851135
39.107590 16.076504 149.839645
38.746498 15.922836 149.834274
38.703392 15.904491 149.833633
38.648834 15.881274 149.832825
38.058468 15.630034 149.824051
37.744595 15.496461 149.819382
37.684135 15.470732 149.818481
37.506641 15.395196 149.815842
37.404213 15.351605 149.814316
37.355549 15.330895 149.813599
36.808025 15.097889 149.805450
36.684895 15.045489 149.803619
36.489910 14.962510 149.800720
36.487522 14.961493 149.800690
36.438160 14.940486 149.799957
36.397129 14.923024 149.799347
36.326283 14.892874 149.798294
35.950447 14.732930 149.792709
35.031803 14.341987 149.779053
33.312553 13.610333 149.753479
33.226086 13.573536 149.752197
33.155113 13.543332 149.751144
32.717632 13.357155 149.744644
31.658419 12.906390 149.728897
31.567049 12.867507 149.727539
30.989908 12.621896 149.718948
29.322929 11.912487 149.694153
29.117310 11.824983 149.691101
28.660275 11.630485 149.684311
28.030930 11.362658 149.674957
27.259235 11.034251 149.663483
27.135782 10.981713 149.661652
27.113331 10.972158 149.661316
26.527813 10.722981 149.652603
26.047262 10.518476 149.645462
25.877064 10.446045 149.642929
25.512341 10.290832 149.637512
25.471870 10.273609 149.636917
25.379332 10.234227 149.635544
24.015049 9.653636 149.615250
23.980061 9.638746 149.614731
23.174883 9.296090 149.602753
22.709244 9.097930 149.595825
22.351389 8.945640 149.590500
21.649569 8.646969 149.580063
21.425816 8.551747 149.576736
20.129818 8.000216 149.557465
19.983398 7.937904 149.555283
19.731327 7.830632 149.551529
19.113934 7.567891 149.542343
19.089294 7.557405 149.541977
17.976591 7.083877 149.525421
17.796244 7.007128 149.522736
16.638937 6.514618 149.505524
16.604473 6.499951 149.505005
16.579346 6.489258 149.504639
15.800385 6.157759 149.493057
14.876673 5.764659 149.479324
13.176951 5.041317 149.454041
12.736703 4.853962 149.447495
12.376360 4.700613 149.442139
12.041651 4.558172 149.437164
11.835701 4.470527 149.434097
11.532542 4.341513 149.429596
11.057812 4.139484 149.422531
10.979370 4.106102 149.421371
10.282875 3.809698 149.411011
9.601316 3.519650 149.400879
8.266111 2.951433 149.381027
8.128167 2.892729 149.378983
8.096368 2.879196 149.378510
7.724288 2.720852 149.372971
7.664704 2.695495 149.372086
7.519999 2.633913 149.369934
7.412069 2.587982 149.368332
5.808173 1.905419 149.344482
5.412893 1.737202 149.338608
5.122162 1.613477 149.334290
4.991328 1.557798 149.332336
4.915378 1.525476 149.331207
3.609055 0.969550 149.311783
3.348651 0.858732 149.307907
2.482121 0.489966 149.295013
2.485664 0.465813 149.215942
2.502761 0.349260 148.834412
2.542584 0.077787 147.945755
2.552613 0.009417 147.721954
2.557871 -0.026429 147.604614
2.562786 -0.059931 147.494949
2.563451 -0.064462 147.480118
2.459221 -0.076074 147.755035
2.230574 -0.101546 148.358124
1.991186 -0.128215 148.989548
1.931130 -0.134906 149.147949
1.680041 -0.162878 149.810242
1.646413 -0.166624 149.898941
1.459470 -0.187451 150.392029
1.352461 -0.199372 150.674286
1.276157 -0.207873 150.875549
1.209301 -0.215321 151.051895
1.193190 -0.217116 151.094391
1.062412 -0.231685 151.439331
1.045125 -0.233611 151.484924
0.988722 -0.239894 151.633698
0.956612 -0.243471 151.718399
0.835513 -0.256962 152.037811
0.673934 -0.274963 152.464005
0.424721 -0.302726 153.121338
0.410816 -0.304276 153.158020
-0.071542 -0.358012 154.430313
-0.272976 -0.380453 154.961624
-0.287867 -0.382112 155.000900
-0.289327 -0.382275 155.004745
-0.445808 -0.399707 155.417480
-0.470377 -0.402445 155.482285
-0.618758 -0.418975 155.873657
-0.710578 -0.429204 156.115845
-0.889560 -0.449143 156.587936
-0.913242 -0.451782 156.650406
-0.934365 -0.454135 156.706116
-0.966255 -0.457688 156.790237
-1.064256 -0.468605 157.048721
-1.082125 -0.463214 157.027374
-1.439944 -0.355260 156.599823
-1.971775 -0.194806 155.964340
-2.004165 -0.185034 155.925644
-2.076897 -0.163091 155.838730
-2.095295 -0.157540 155.816742
-2.257703 -0.108542 155.622681
-2.435864 -0.054790 155.409790
-2.725744 0.032667 155.063416
-3.112581 0.149375 154.601181
-3.148667 0.160263 154.558060
-3.619659 0.302361 153.995270
-3.788596 0.353329 153.793411
-3.809157 0.359533 153.768845
-3.910112 0.389991 153.648209
-3.992928 0.414977 153.549255
-4.063865 0.436378 153.464493
-4.156262 0.464255 153.354080
-4.300815 0.507866 153.181351
-4.354131 0.523952 153.117645
-4.585498 0.593755 152.841187
-4.855200 0.675124 152.518921
-4.856076 0.675389 152.517868
-5.440828 0.851809 151.819153
-5.453665 0.855682 151.803818
-5.694175 0.928244 151.516434
-5.800444 0.960305 151.389450
-5.909903 0.993329 151.258652
-6.140413 1.062874 150.983215
-6.694960 1.230181 150.320587
-7.064632 1.341712 149.878860
-7.094486 1.350718 149.843185
-7.744151 1.546722 149.066895
-7.855247 1.580240 148.934143
-7.999860 1.623870 148.761337
-8.036918 1.635051 148.717056
-8.064301 1.643312 148.684341
-8.344503 1.727849 148.349533
-8.487946 1.771126 148.178131
-8.721573 1.841611 147.898972
-9.154645 1.972270 147.381485
-9.329022 2.024879 147.173126
-9.424624 2.053722 147.058884
-9.599636 2.106524 146.849762
-10.009627 2.230218 146.359863
-10.258554 2.305320 146.062424
-10.345984 2.331697 145.957947
-10.432254 2.357725 145.854858
-10.479282 2.371913 145.798660
-10.548598 2.392826 145.715836
-10.895815 2.497581 145.300949
-11.053935 2.545286 145.112015
-11.398956 2.649379 144.699753
-11.589132 2.706755 144.472504
-11.539818 2.390571 144.459305
-11.536259 2.367750 144.458359
-11.398717 2.332063 144.354126
-11.397109 2.331646 144.352905
-11.389309 2.329622 144.347000
-11.245900 2.292413 144.238327
-11.160911 2.270361 144.173920
-10.800097 2.176743 143.900482
-10.784154 2.172606 143.888397
-10.718094 2.155466 143.838333
-10.540343 2.109346 143.703629
-10.534622 2.107862 143.699295
-10.476103 2.092678 143.654953
-10.452163 2.086467 143.636810
-10.309465 2.049442 143.528671
-10.069744 2.289349 143.295380
-9.940228 2.418967 143.169342
-9.898226 2.461001 143.128464
-9.798059 2.561246 143.030991
