48.829613 -20.280697 131.994553
48.609066 -20.200750 131.993423
48.081665 -20.009571 131.990707
48.077366 -20.008013 131.990692
47.590347 -19.831470 131.988190
46.533520 -19.448378 131.982758
46.401642 -19.400572 131.982086
43.193134 -18.237507 131.965591
42.705627 -18.060789 131.963089
42.292828 -17.911152 131.960968
41.184093 -17.509243 131.955276
41.098759 -17.478310 131.954834
40.854736 -17.389853 131.953583
39.078247 -16.745886 131.944458
38.085724 -16.386103 131.939362
37.754681 -16.266102 131.937653
36.232697 -15.714392 131.929825
36.010372 -15.633800 131.928680
33.876297 -14.860210 131.917709
33.627708 -14.770099 131.916428
31.782784 -14.101325 131.906952
31.203728 -13.891421 131.903976
31.005119 -13.819427 131.902954
30.676836 -13.700425 131.901260
28.815058 -13.025541 131.891693
27.942362 -12.709195 131.887207
27.489714 -12.545114 131.884888
24.492287 -11.458565 131.869476
24.287632 -11.384379 131.868423
24.194111 -11.350479 131.867935
24.059746 -11.301773 131.867249
23.867146 -11.231956 131.866257
19.725267 -9.730552 131.844971
18.553083 -9.305642 131.838943
18.477264 -9.278158 131.838547
18.072231 -9.131336 131.836472
17.436958 -8.901053 131.833206
16.714766 -8.639263 131.829498
15.419240 -8.169643 131.822845
15.918388 -8.456071 131.812637
17.064943 -9.114001 131.789200
17.781984 -9.525463 131.774551
17.785862 -9.527689 131.774475
18.041676 -9.072497 131.524246
18.115515 -8.941109 131.452026
18.154018 -8.872597 131.414368
18.348873 -8.525875 131.223770
18.576454 -8.120917 131.001160
18.646730 -7.995867 130.932419
18.732241 -7.843711 130.848770
19.075024 -7.233766 130.513474
19.371382 -6.706427 130.223587
20.213619 -5.207756 129.399750
20.313997 -5.029142 129.301559
20.327087 -5.005849 129.288757
20.414705 -4.849942 129.203049
20.817858 -4.132576 128.808701
20.825022 -4.119829 128.801697
21.061230 -3.699521 128.570648
21.127520 -3.581564 128.505814
21.506081 -2.907954 128.135529
21.645597 -2.659700 127.999062
21.752268 -2.469892 127.894722
21.858049 -2.281663 127.791252
21.887535 -2.229198 127.762413
22.029808 -1.976038 127.623245
22.486946 -1.162609 127.176094
22.884838 -1.435299 127.323578
22.956909 -1.484691 127.350296
23.036610 -1.539313 127.379837
24.077534 -2.252696 127.765678
24.204815 -2.339927 127.812859
24.901619 -2.817472 128.071152
24.929733 -2.836740 128.081573
25.566019 -3.272809 128.317429
26.191580 -3.701528 128.549301
26.250319 -3.741784 128.571075
26.433050 -3.867016 128.638809
27.020962 -4.269932 128.856735
27.415817 -4.540541 129.003098
27.460518 -4.571175 129.019669
27.660551 -4.708265 129.093811
27.876541 -4.856290 129.173874
27.997366 -4.939096 129.218658
28.446251 -5.246733 129.385040
28.453714 -5.251848 129.387802
28.565647 -5.328559 129.429291
28.756756 -5.459533 129.500122
28.768919 -5.467869 129.504623
28.914148 -5.567400 129.558456
28.978298 -5.611364 129.582230
29.000071 -5.626286 129.590302
29.212015 -5.771539 129.668869
29.453659 -5.937146 129.758438
30.061102 -6.353448 129.983597
30.489969 -6.647366 130.142563
30.777277 -6.844268 130.249054
30.846951 -6.892018 130.274887
31.146160 -7.097077 130.385803
31.371668 -7.251626 130.469391
32.056751 -7.721137 130.723328
32.063053 -7.725456 130.725662
32.397392 -7.954590 130.849594
32.732307 -8.184119 130.973740
32.755074 -8.199721 130.982178
32.866554 -8.276122 131.023499
33.111618 -8.444074 131.114334
33.356369 -8.611809 131.205063
33.493286 -8.705642 131.255814
33.555489 -8.748272 131.278870
33.740097 -8.874792 131.347305
33.867485 -8.962097 131.394531
34.264526 -9.234202 131.541702
34.269802 -9.237819 131.543655
34.317810 -9.270721 131.561447
34.551495 -9.430874 131.648071
35.433372 -10.035256 131.974960
35.495956 -10.078148 131.998154
35.572956 -10.130919 132.026703
35.795650 -10.283540 132.109253
35.912868 -10.363873 132.152695
36.153564 -10.528830 132.241913
36.683899 -10.892287 132.438492
37.045837 -11.140335 132.572647
37.093010 -11.172665 132.590134
37.534760 -11.475410 132.753876
37.814754 -11.667302 132.857666
38.152130 -11.898519 132.982727
38.222908 -11.947025 133.008957
38.830402 -12.363363 133.234131
39.100769 -12.548656 133.334351
39.117920 -12.560410 133.340714
39.179562 -12.602654 133.363556
40.124039 -13.249938 133.713654
40.217342 -13.313882 133.748245
40.405624 -13.442918 133.818039
40.520004 -13.521308 133.860443
40.707523 -13.649820 133.929947
40.888786 -13.774047 133.997131
40.900932 -13.782372 134.001633
41.708435 -14.335784 134.300949
41.743313 -14.359688 134.313873
42.571259 -14.927110 134.620773
42.686375 -15.006002 134.663437
42.967770 -15.198852 134.767746
43.398121 -15.493787 134.927261
43.451569 -15.530416 134.947067
43.758560 -15.740808 135.060867
44.815174 -16.464945 135.452530
44.828064 -16.473778 135.457306
46.390232 -17.544388 136.036362
46.531578 -17.641256 136.088760
47.369438 -18.215471 136.399338
47.624344 -18.390165 136.493820
47.866730 -18.556282 136.583664
48.197495 -18.782967 136.706268
48.609913 -19.065611 136.859146
48.615406 -19.069376 136.861176
48.710995 -19.134886 136.896606
48.890045 -19.257597 136.962982
49.187088 -19.461172 137.073090
49.333855 -19.561756 137.127487
49.342690 -19.567812 137.130768
50.169739 -20.134617 137.437332
50.298370 -20.222773 137.485016
50.570541 -20.409302 137.585907
50.658447 -20.469545 137.618484
51.284531 -20.898623 137.850555
51.340172 -20.936754 137.871185
51.657246 -21.154057 137.988708
51.829693 -21.272242 138.052628
51.856922 -21.290903 138.062714
51.956982 -21.359476 138.099808
52.022957 -21.404690 138.124268
52.105339 -21.461149 138.154800
52.201775 -21.527241 138.190552
52.221024 -21.540432 138.197693
52.574963 -21.782999 138.328888
52.594120 -21.796127 138.335983
53.884693 -22.680603 138.814362
54.214905 -22.906910 138.936768
54.302814 -22.967159 138.969360
54.437550 -23.059498 139.019302
54.819653 -23.321367 139.160934
54.958145 -23.416283 139.212265
55.333279 -23.673374 139.351318
