-20.255390 48.839191 109.987480
-20.237724 48.793884 109.986938
-20.018650 48.232029 109.980240
-19.994944 48.171230 109.979515
-19.982313 48.138840 109.979126
-19.923424 47.987812 109.977325
-19.798977 47.668648 109.973518
-19.754221 47.553864 109.972153
-19.681112 47.366367 109.969917
-19.638670 47.257515 109.968620
-19.580891 47.109329 109.966850
-19.424850 46.709137 109.962082
-19.288929 46.360542 109.957924
-19.119118 45.925034 109.952736
-18.845068 45.222187 109.944359
-18.517065 44.380966 109.934334
-18.013264 43.088882 109.918930
-17.741104 42.390884 109.910606
-17.462503 41.676365 109.902092
-17.142942 40.856796 109.892319
-16.953228 40.370239 109.886520
-16.879524 40.181213 109.884270
-16.796164 39.967422 109.881721
-16.761780 39.879238 109.880669
-16.720383 39.773071 109.879402
-16.697826 39.715221 109.878716
-16.692810 39.702354 109.878563
-16.583794 39.422764 109.875229
-16.570606 39.388943 109.874825
-16.030952 38.004906 109.858330
-15.917711 37.714478 109.854866
-15.857797 37.560818 109.853035
-15.783796 37.371033 109.850769
-15.754089 37.294846 109.849861
-15.683490 37.113781 109.847702
-15.645377 37.016033 109.846535
-15.556897 36.789112 109.843826
-15.410337 36.413235 109.839348
-15.287653 36.098587 109.835594
-15.231410 35.954342 109.833878
-15.162990 35.778866 109.831787
-15.072307 35.546295 109.829018
-14.938790 35.203869 109.824936
-14.727308 34.661488 109.818474
-14.626584 34.403164 109.815392
-14.561635 34.236591 109.813408
-14.284201 33.525063 109.804924
-14.280653 33.515965 109.804817
-13.911373 32.568882 109.793526
-13.861174 32.440136 109.791992
-13.803090 32.291172 109.790215
-13.717567 32.071835 109.787598
-13.701564 32.030792 109.787109
-13.658243 31.919689 109.785782
-13.658095 31.919310 109.785774
-13.488256 31.483730 109.780579
-13.458797 31.408178 109.779678
-13.426600 31.325603 109.778694
-12.809934 29.744057 109.759842
-12.769528 29.640430 109.758606
-12.702892 29.469530 109.756569
-12.649323 29.332140 109.754929
-12.526250 29.016499 109.751167
-12.310948 28.464319 109.744583
-12.265384 28.347462 109.743187
-12.082948 27.879574 109.737610
-12.061248 27.823921 109.736946
-12.051682 27.799387 109.736656
-11.892787 27.391874 109.731796
-11.849059 27.279726 109.730461
-11.565823 26.553316 109.721802
-11.500719 26.386347 109.719810
-11.227653 25.686020 109.711464
-10.992149 25.082033 109.704262
-10.945998 24.963673 109.702850
-10.621977 24.132666 109.692947
-10.597729 24.070477 109.692207
-10.403002 23.571066 109.686256
-10.131615 22.875048 109.677963
-10.123402 22.853985 109.677711
-9.832952 22.109077 109.668831
-9.789464 21.997545 109.667503
-9.535726 21.346790 109.659744
-9.046338 20.091673 109.644783
-8.930328 19.794146 109.641235
-8.543393 18.801785 109.629410
-8.424544 18.496977 109.625778
-8.329320 18.252756 109.622864
-7.880427 17.101494 109.609138
-7.842953 17.005384 109.607994
-7.836711 16.989376 109.607803
-7.799747 16.894577 109.606674
-7.663843 16.546028 109.602516
-7.035686 16.342014 110.016823
-7.026917 16.339167 110.022606
-6.790563 16.262403 110.178497
-6.250786 16.087095 110.534515
-5.997354 16.004786 110.701668
-5.117309 15.718964 111.282112
-4.884025 15.643197 111.435974
-4.237180 15.433114 111.862610
-4.032625 15.366678 111.997528
-4.000205 15.356149 112.018913
-3.962707 15.343970 112.043648
-3.931010 15.333676 112.064552
-3.753674 15.276081 112.181519
-3.011228 15.034948 112.671204
-2.772817 14.957517 112.828453
-2.121161 14.745871 113.258263
-2.073798 14.730488 113.289497
-1.457788 14.530419 113.695793
-1.411857 14.515502 113.726089
-0.952357 14.366265 114.029160
-0.499878 14.219309 114.327599
-0.049222 14.072944 114.624832
0.910146 13.761359 115.257591
1.032338 13.721674 115.338181
2.013147 13.403126 115.985085
2.237290 13.330328 116.132919
2.631276 13.202369 116.392776
3.482312 12.925968 116.954086
3.722227 12.848048 117.112328
4.407312 12.625546 117.564186
4.463098 12.607428 117.600983
4.802749 12.497115 117.825005
4.883759 12.470804 117.878433
5.279367 12.342319 118.139359
5.300547 12.335440 118.153328
6.308704 12.008009 118.818268
6.498915 11.946232 118.943726
6.945624 11.801149 119.238358
7.826900 11.514928 119.819611
8.004341 11.457298 119.936646
7.729890 11.549664 119.976631
7.257740 11.708567 120.045418
7.167071 11.739081 120.058624
6.490622 11.966741 120.157173
6.481464 11.969823 120.158508
6.054042 12.113672 120.220779
6.052659 12.114138 120.220978
5.596183 12.267765 120.287476
4.647593 12.587013 120.425667
3.880851 12.845060 120.537369
3.793707 12.874389 120.550064
3.768335 12.882928 120.553757
3.562375 12.952244 120.583763
3.289615 13.044042 120.623497
3.222967 13.066472 120.633209
3.098838 13.108248 120.651291
3.088408 13.111758 120.652809
2.471312 13.319442 120.742706
2.429075 13.333656 120.748863
1.755726 13.560272 120.846962
1.549242 13.629765 120.877045
1.533678 13.635002 120.879311
1.479841 13.653121 120.887154
1.264353 13.725643 120.918549
1.182503 13.753190 120.930473
0.881542 13.854479 120.974319
0.695841 13.916977 121.001373
0.494431 13.984761 121.030716
0.245320 14.068600 121.067009
-0.089259 14.181202 121.115753
-0.326219 14.260951 121.150276
-0.332298 14.262997 121.151161
-0.463661 14.307207 121.170296
-0.603298 14.354202 121.190636
-0.874801 14.445577 121.230186
-1.386449 14.617772 121.304726
-1.412208 14.626441 121.308479
-2.508041 14.995244 121.468124
-2.523242 15.000360 121.470337
-2.643513 15.040836 121.487862
-3.189218 15.224493 121.567360
-3.590979 15.359706 121.625893
-3.822899 15.437758 121.659676
-4.100098 15.531050 121.700058
-4.233994 15.576113 121.719566
-4.307844 15.600967 121.730324
-4.567170 15.688244 121.768105
-4.740806 15.746681 121.793404
-4.997408 15.833040 121.830788
-5.050844 15.851025 121.838570
-5.057837 15.853378 121.839592
-5.163747 15.889022 121.855019
-5.085664 15.830449 121.792282
-4.849455 15.653262 121.602493
-4.766198 15.590808 121.535599
-4.750071 15.578711 121.522644
-4.725054 15.559944 121.502541
-4.617065 15.478939 121.415771
-4.597206 15.464042 121.399818
