-48.804173 20.359873 110.004189
-48.230827 20.198732 110.006401
-47.860596 20.094677 110.007828
-47.703033 20.050394 110.008438
-47.475281 19.986383 110.009315
-47.086716 19.877176 110.010818
-46.679272 19.762663 110.012390
-46.531456 19.721119 110.012962
-45.889080 19.540577 110.015442
-45.561455 19.448498 110.016708
-45.509903 19.434010 110.016907
-43.459621 18.857773 110.024818
-43.445358 18.853764 110.024872
-42.951363 18.714926 110.026779
-42.918301 18.705633 110.026909
-42.548531 18.601709 110.028336
-42.243378 18.515945 110.029510
-41.303886 18.251900 110.033134
-40.803303 18.111210 110.035065
-39.704063 17.802267 110.039307
-39.232838 17.669828 110.041122
-39.101543 17.632927 110.041626
-39.089348 17.629499 110.041672
-39.088387 17.629229 110.041672
-37.632717 17.220110 110.047287
-37.377708 17.148439 110.048271
-37.276646 17.120035 110.048660
-36.651646 16.944378 110.051071
-36.153301 16.804317 110.052994
-35.836094 16.715166 110.054214
-35.665424 16.667198 110.054871
-35.621605 16.654882 110.055038
-35.469357 16.612093 110.055626
-35.460304 16.609549 110.055664
-35.385792 16.588606 110.055954
-35.252941 16.551268 110.056465
-35.144146 16.520691 110.056885
-35.043541 16.492416 110.057274
-34.988941 16.477072 110.057487
-34.258141 16.271679 110.060310
-33.503143 16.059484 110.063225
-32.747803 15.847194 110.066139
-32.356079 15.737099 110.067650
-31.990101 15.634239 110.069061
-31.586267 15.520741 110.070618
-29.551872 14.948969 110.078468
-28.875160 14.758778 110.081078
-27.735476 14.438466 110.085472
-26.257454 14.023065 110.091179
-25.827230 13.902149 110.092842
-24.420038 13.506655 110.098274
-24.343842 13.485240 110.098572
-23.266861 13.182552 110.102730
-23.109173 13.138234 110.103340
-23.074627 13.128525 110.103470
-22.916962 13.084212 110.104080
-22.271381 12.902770 110.106575
-22.232735 12.891908 110.106728
-22.163418 12.872426 110.106995
-22.150291 12.868736 110.107048
-22.075300 12.847660 110.107338
-21.322113 12.635975 110.110245
-20.381332 12.371567 110.113876
-20.101856 12.293019 110.114952
-19.932102 12.245310 110.115608
-19.371504 12.087752 110.117775
-18.879484 11.949469 110.119675
-18.630276 11.879428 110.120636
-18.583361 11.866242 110.120819
-18.560627 11.859853 110.120903
-18.410454 11.817646 110.121483
-17.874371 11.666979 110.123550
-16.873840 11.385777 110.127411
-16.564585 11.298861 110.128601
-16.266529 11.215092 110.129753
-16.205130 11.197835 110.129990
-15.712400 12.036839 110.567200
-15.418542 12.842660 110.019005
-15.246271 13.315062 109.697632
-15.112263 13.682539 109.447639
-15.092778 13.735970 109.411293
-15.024566 13.923022 109.284042
-14.962539 14.093113 109.168327
-14.877667 14.325848 109.010002
-14.775869 14.604999 108.820099
-14.771476 14.617045 108.811905
-14.410988 15.605577 108.139412
-14.286341 15.947385 107.906883
-14.224334 16.117420 107.791206
-13.984966 16.773815 107.344666
-13.587230 17.864492 106.602684
-13.129498 19.119686 105.748787
-13.037914 19.370829 105.577934
-12.928667 19.670406 105.374130
-12.573639 20.643967 104.711823
-12.535984 20.747225 104.641579
-12.269969 21.476692 104.145325
-12.117865 21.893793 103.861572
-11.987329 22.251747 103.618057
-11.855642 22.612862 103.372391
-11.790919 22.790344 103.251648
-11.718108 22.990007 103.115822
-11.671416 23.118046 103.028717
-11.509088 23.563185 102.725891
-10.850705 25.368605 101.497673
-10.429528 26.523558 100.711967
-10.370878 26.684387 100.602554
-10.013460 27.664501 99.935791
-9.877370 28.037689 99.681915
-9.825864 28.178928 99.585831
-9.783167 28.296013 99.506180
-9.779214 28.306854 99.498802
-9.168987 29.980221 98.360420
-9.146728 30.041262 98.318893
-9.112108 30.136194 98.254311
-9.090529 30.195368 98.214058
-8.974667 30.513088 97.997917
-8.804001 30.981089 97.679543
-8.643041 31.422476 97.379272
-8.521697 31.755226 97.152908
-8.498425 31.819042 97.109497
-8.160848 32.744751 96.479744
-8.087617 32.945564 96.343132
-8.025743 33.115234 96.227707
-7.802234 33.728142 95.810753
-7.782366 33.782623 95.773689
-7.502659 34.549637 95.251892
-6.918111 36.152588 94.161415
-6.760868 36.583782 93.868080
-6.557726 37.140839 93.489120
-6.460406 37.407711 93.307571
-6.380198 37.627655 93.157944
-6.377953 37.633816 93.153755
-6.125389 38.326397 92.682594
-6.094000 38.412472 92.624039
-5.805041 39.204857 92.084984
-5.495766 40.052952 91.508034
-5.360503 40.423874 91.255699
-5.328373 40.511978 91.195763
-5.166848 40.954914 90.894440
-5.062042 41.242313 90.698921
-4.986766 41.448734 90.558495
-4.978001 41.472771 90.542145
-4.878440 41.745789 90.356415
-4.545674 42.658302 89.735641
-4.530112 42.700977 89.706612
-4.169971 43.688557 89.034767
-4.169054 43.691074 89.033058
-4.033204 44.063602 88.779633
-3.870589 44.509525 88.476273
-3.811366 44.671928 88.365791
-3.749440 44.841740 88.250267
-3.730132 44.894688 88.214249
-3.696956 44.985664 88.152359
-3.684850 45.018864 88.129776
-3.635828 45.153294 88.038322
-3.522165 45.464981 87.826286
-3.187930 46.381523 87.202766
-3.007579 46.876083 86.866325
-2.938871 47.064495 86.738152
-2.866787 47.262165 86.603676
-2.865990 47.264351 86.602188
-2.618298 47.943573 86.140121
-2.388594 48.573467 85.711609
-2.261464 48.922085 85.474449
-2.127314 49.289955 85.224190
-2.042685 49.522026 85.066315
-2.014364 49.599686 85.013481
-2.003969 49.628193 84.994087
-1.979371 49.695644 84.948196
-1.895118 49.926682 84.791023
-1.846931 50.058819 84.701134
-1.702323 50.455364 84.431366
-1.567647 50.824677 84.180130
-1.236071 51.733925 83.561577
-1.233600 51.740700 83.556969
-0.958558 52.494923 83.043877
-0.811141 52.899170 82.768867
-0.715057 53.162651 82.589622
-0.712771 53.168922 82.585358
-0.478434 53.811523 82.148201
-0.383349 54.072266 81.970818
-0.205377 54.560299 81.638809
0.180380 55.618122 80.919182
0.388279 56.188225 80.531342
0.390150 56.193356 80.527855
0.500464 56.495857 80.322067
0.679511 56.986839 79.988052
0.742833 57.160480 79.869926
0.893287 57.573055 79.589256
1.765059 59.963634 77.962959
2.064097 60.783657 77.405106
