-37.449200 37.328686 29.984365
-37.212414 37.053059 29.979326
-36.613316 36.355690 29.966576
-36.348076 36.046944 29.960930
-35.649181 35.233410 29.946054
-35.189205 34.697987 29.936264
-35.177612 34.684490 29.936018
-34.786388 34.229095 29.927691
-34.541428 33.943954 29.922478
-33.627552 32.880177 29.903027
-33.211800 32.396233 29.894178
-33.140511 32.313251 29.892662
-31.843065 30.802990 29.865047
-31.469200 30.367802 29.857090
-31.333685 30.210058 29.854206
-30.917269 29.725338 29.845343
-30.389269 29.110733 29.834105
-29.575848 28.163889 29.816792
-28.560175 26.981617 29.795174
-27.768412 26.059982 29.778322
-26.906557 25.056759 29.759979
-25.423521 23.330463 29.728415
-25.279291 23.162577 29.725346
-25.102852 22.957195 29.721590
-24.698145 22.486105 29.712976
-24.421219 22.163755 29.707083
-24.332287 22.060236 29.705191
-24.020075 21.696812 29.698545
-24.001480 21.675165 29.698149
-23.701674 21.326181 29.691769
-21.842466 19.162014 29.652197
-21.813280 19.128040 29.651575
-21.733223 19.034851 29.649872
-21.352980 18.592237 29.641779
-21.125666 18.327637 29.636940
-20.830404 17.983944 29.630655
-20.795088 17.942835 29.629904
-20.484343 17.581120 29.623289
-20.364763 17.441925 29.620745
-20.048546 17.073839 29.614014
-19.769138 16.748600 29.608067
-19.563709 16.509476 29.603695
-19.429100 16.352787 29.600830
-18.261047 14.993142 29.575970
-18.253099 14.983891 29.575800
-18.116550 14.824943 29.572893
-17.805521 14.462894 29.566273
-17.453306 14.052908 29.558777
-16.918402 13.430264 29.547392
-16.562346 13.015803 29.539814
-16.408998 12.837303 29.536551
-15.647793 11.951239 29.520350
-15.554478 11.842617 29.518364
-15.116616 11.332934 29.509045
-15.096171 11.309135 29.508610
-14.484084 10.596648 29.495583
-14.158119 10.217216 29.488646
-14.019920 10.056350 29.485704
-13.481925 9.430108 29.474255
-12.540459 8.334215 29.454216
-12.074950 7.792351 29.444307
-11.503754 7.127462 29.432150
-11.398898 7.005407 29.429918
-11.253198 6.835808 29.426817
-10.936645 6.467331 29.420080
-10.735043 6.232661 29.415789
-10.463041 5.916044 29.410000
-10.178629 5.584980 29.403946
-9.988093 5.363192 29.399891
-9.613940 4.927668 29.391928
-9.597092 4.908055 29.391569
-9.218115 4.466916 29.383503
-9.055067 4.277124 29.380033
-9.036083 4.255026 29.379629
-8.527607 3.663146 29.368807
-7.688088 2.685923 29.350939
-6.814574 1.669129 29.332348
-6.649098 1.476510 29.328825
-6.402851 1.189872 29.323584
-6.064394 0.795899 29.316380
-6.036124 0.762991 29.315779
-5.625365 0.284857 29.307035
-5.533938 0.178433 29.305090
-4.625709 -0.878771 29.285759
-4.410928 -1.128782 29.281187
-4.394568 -1.147825 29.280838
-4.307030 -1.249722 29.278975
-4.201497 -1.372566 29.276728
-3.791571 -1.849731 29.268003
-3.622977 -2.045978 29.264416
-3.021566 -2.746037 29.251616
-2.819880 -2.980805 29.247322
-2.586082 -3.252954 29.242346
-2.256060 -3.637108 29.235321
-1.954825 -3.987754 29.228910
-0.893575 -5.223078 29.206324
-0.661204 -5.493565 29.201378
-0.217181 -6.010419 29.191927
0.147986 -6.435483 29.184155
0.259409 -6.565183 29.181784
0.512913 -6.860268 29.176388
0.771144 -7.160857 29.170891
1.017211 -7.447285 29.165653
1.065563 -7.503568 29.164623
1.539095 -8.054772 29.154545
1.694240 -8.235366 29.151243
2.885176 -9.621649 29.125896
3.384262 -10.202599 29.115274
4.299768 -11.268273 29.095789
4.307751 -11.277566 29.095619
4.455951 -11.450075 29.092464
4.660697 -11.688406 29.088106
4.804023 -11.855241 29.085056
5.356037 -12.497801 29.073307
5.832431 -13.052337 29.063168
5.838172 -13.059019 29.063046
6.014699 -13.264501 29.059288
6.160353 -13.434046 29.056189
6.475229 -13.800570 29.049486
7.245099 -14.696720 29.033100
7.282438 -14.740184 29.032305
7.362295 -14.833139 29.030605
7.505525 -14.999863 29.027557
7.818285 -15.363924 29.020901
7.864645 -15.417888 29.019915
7.978051 -15.549894 29.017502
8.435692 -16.082602 29.007761
8.692706 -16.381773 29.002291
9.594917 -17.431973 28.983088
9.666437 -17.515224 28.981565
9.721921 -17.579809 28.980385
9.935939 -17.828932 28.975830
10.352955 -18.314350 28.966955
10.901160 -18.952477 28.955288
10.969858 -19.032442 28.953825
11.357987 -19.484236 28.945564
11.686387 -19.866503 28.938574
11.806963 -20.006857 28.936008
12.430199 -20.732321 28.922743
12.533815 -20.852934 28.920538
12.817557 -21.183218 28.914499
14.182865 -22.772474 28.885441
14.820361 -23.514538 28.871872
15.133279 -23.878782 28.865211
15.379922 -24.165882 28.859962
15.557126 -24.372152 28.856192
15.919702 -24.794201 28.848475
16.130070 -25.039076 28.843998
17.127642 -26.200277 28.822765
17.390526 -26.506281 28.817171
17.410833 -26.529919 28.816738
18.597401 -27.911116 28.791483
18.627924 -27.946646 28.790833
18.944246 -28.314854 28.784100
19.078539 -28.471172 28.781240
19.169220 -28.576729 28.779310
19.488626 -28.948526 28.772512
20.054935 -29.607725 28.760460
20.206032 -29.783606 28.757244
21.069841 -30.789104 28.738859
21.070915 -30.790354 28.738836
21.506767 -31.297699 28.729559
21.614246 -31.422808 28.727272
21.633533 -31.445257 28.726862
22.357862 -32.288399 28.711445
22.815002 -32.820522 28.701715
22.901644 -32.921375 28.699871
23.224028 -33.296638 28.693010
23.330391 -33.420448 28.690746
23.383524 -33.482296 28.689615
23.588972 -33.721443 28.685242
23.636938 -33.777275 28.684221
23.755091 -33.914806 28.681707
23.760656 -33.921284 28.681589
24.044346 -34.251507 28.675550
24.414047 -34.681850 28.667683
24.524317 -34.810207 28.665337
25.038925 -35.409225 28.654385
26.079544 -36.620537 28.632236
26.251446 -36.820633 28.628578
26.408363 -37.003288 28.625238
26.488871 -37.097000 28.623526
26.641392 -37.274540 28.620279
26.724974 -37.371830 28.618500
26.976480 -37.664593 28.613146
27.028971 -37.725693 28.612028
27.505226 -38.280067 28.601892
27.665245 -38.466335 28.598486
27.677744 -38.480885 28.598221
28.368547 -39.285000 28.583517
29.397545 -40.482780 28.561617
29.531855 -40.639122 28.558758
29.601921 -40.720680 28.557266
30.682440 -41.978436 28.534269
30.751915 -42.059307 28.532791
31.408152 -42.823185 28.518824
31.562481 -43.002827 28.515539
31.614176 -43.063004 28.514439
32.226055 -43.775249 28.501415
33.456863 -45.207943 28.475220
33.540443 -45.305233 28.473440
33.870331 -45.689228 28.466419
34.675739 -46.626747 28.449278
34.880646 -46.865261 28.444918
35.412720 -47.484608 28.433594
35.661285 -47.773945 28.428303
37.114429 -49.465446 28.397375
