37.275551 -37.515972 69.986221
37.167294 -37.436375 69.984581
37.018223 -37.326763 69.982323
36.978748 -37.297741 69.981728
36.087093 -36.642124 69.968201
36.081482 -36.638000 69.968117
35.981636 -36.564587 69.966599
34.861450 -35.740936 69.949600
31.726349 -33.435753 69.902039
30.637232 -32.634945 69.885513
29.997643 -32.164665 69.875809
29.683659 -31.933800 69.871048
29.474009 -31.779648 69.867867
29.462317 -31.771049 69.867691
29.149250 -31.540857 69.862938
28.874474 -31.338820 69.858772
28.694427 -31.206434 69.856041
28.552008 -31.101715 69.853882
28.050627 -30.733059 69.846275
27.963276 -30.668831 69.844948
27.542032 -30.359098 69.838554
27.054615 -30.000710 69.831161
26.872259 -29.866627 69.828392
24.953974 -28.456148 69.799286
24.938257 -28.444593 69.799049
24.127682 -27.848593 69.786751
22.435116 -26.604080 69.761070
22.088406 -26.349152 69.755814
21.259321 -25.739540 69.743233
20.927778 -25.495762 69.738205
19.144979 -24.184902 69.711159
18.789463 -23.923498 69.705765
18.377707 -23.620741 69.699516
18.258600 -23.533165 69.697708
16.841005 -22.490833 69.676201
16.517654 -22.253078 69.671295
15.519679 -21.519285 69.656158
15.133050 -21.235004 69.650291
14.396216 -20.693224 69.639114
14.194287 -20.544748 69.636047
13.692676 -20.175922 69.628441
13.449589 -19.997185 69.624756
13.376484 -19.943432 69.623650
13.305994 -19.891602 69.622581
11.605633 -18.641357 69.596786
11.112794 -18.278982 69.589310
11.098418 -18.268412 69.589088
10.870999 -18.101194 69.585640
9.908882 -17.393768 69.571045
9.586676 -17.156857 69.566154
9.448394 -17.055180 69.564056
8.446011 -16.318146 69.548851
7.031967 -15.278425 69.527397
6.933588 -15.206089 69.525902
6.786373 -15.097845 69.523666
5.178304 -13.915462 69.499268
4.830254 -13.659547 69.493988
4.292106 -13.263857 69.485825
3.352318 -12.572848 69.471565
3.156967 -12.429210 69.468605
1.574810 -11.265880 69.444603
0.398694 -10.401103 69.426758
0.088849 -10.173280 69.422058
-0.854903 -9.479357 69.407738
-1.739608 -8.828850 69.394318
-2.005200 -8.633565 69.390289
-2.151079 -8.221100 69.652443
-2.266614 -8.076925 69.697380
-3.300738 -6.786456 70.099632
-3.583596 -6.433480 70.209656
-4.861234 -4.839132 70.706635
-5.447668 -4.107327 70.934746
-6.119773 -3.268615 71.196182
-6.740708 -2.493759 71.437714
-7.877557 -1.075099 71.879929
-7.915377 -1.027904 71.894638
-7.141355 -0.388483 71.972351
-7.038297 -0.303347 71.982697
-6.851649 -0.149157 72.001434
-6.832163 -0.133060 72.003387
-6.606105 0.053687 72.026085
-6.515924 0.128185 72.035141
-5.729801 0.777602 72.114067
-3.677940 2.472647 72.320068
-3.189661 2.320753 72.285469
-3.138699 2.304899 72.281860
-2.014797 1.955276 72.202225
-1.420405 1.770372 72.160110
-1.308998 1.735716 72.152214
-0.223591 1.398067 72.075310
-0.208617 1.393409 72.074249
-0.162790 1.379153 72.070999
1.310247 0.920921 71.966629
2.421554 0.575215 71.887886
3.381371 0.276635 71.819878
3.787888 0.150176 71.791077
3.806079 0.144517 71.789787
4.038126 0.072332 71.773346
4.323021 -0.016293 71.753159
4.991091 -0.224117 71.705826
5.545800 -0.396675 71.666519
6.285831 -0.626884 71.614082
6.397599 -0.661653 71.606163
6.655706 -0.741945 71.587875
6.086372 -0.687525 71.608292
6.015241 -0.680726 71.610840
5.749276 -0.655304 71.620377
5.445055 -0.626224 71.631287
5.292557 -0.611648 71.636757
5.134526 -0.596542 71.642426
4.737000 -0.385457 71.485275
4.607398 -0.316639 71.434044
4.374728 -0.193093 71.342064
3.975153 0.019080 71.184105
3.841318 0.090146 71.131195
3.756257 0.135313 71.097572
3.619420 0.207973 71.043480
3.618145 0.208650 71.042976
3.329612 0.361860 70.928917
3.045334 0.512810 70.816536
2.163036 0.981307 70.467751
1.940888 1.099267 70.379936
1.875332 1.134076 70.354019
1.469244 1.349708 70.193489
1.433498 1.368688 70.179359
1.415936 1.378014 70.172417
1.209468 1.487648 70.090797
1.187758 1.499176 70.082214
0.883734 1.660611 69.962029
0.472954 1.878734 69.799644
0.329534 1.954889 69.742950
0.320019 1.959942 69.739189
-0.164153 2.217035 69.547791
-0.950602 2.634636 69.236900
-1.372357 2.858586 69.070175
-1.396797 2.871564 69.060516
-1.417086 2.882337 69.052498
-2.058707 3.223036 68.798859
-2.195159 3.295491 68.744919
-2.829887 3.632529 68.494003
-2.915878 3.678190 68.460007
-2.996408 3.720951 68.428169
-3.386263 3.927962 68.274055
-5.339660 4.965209 67.501854
-5.661345 5.136022 67.374687
-6.507411 5.585280 67.040230
-6.534738 5.599791 67.029427
-6.805479 5.743553 66.922401
-6.810497 5.746218 66.920418
-6.957106 5.824067 66.862465
-7.164844 5.934375 66.780342
-7.218837 5.963045 66.758995
-7.253784 5.981601 66.745178
-7.593909 6.162207 66.610725
-7.674222 6.204853 66.578979
-7.714236 6.226099 66.563164
-7.794232 6.268577 66.531540
-8.403414 6.592050 66.290726
-8.457712 6.620883 66.269264
-8.549600 6.669674 66.232941
-8.635996 6.715550 66.198784
-8.994925 6.906141 66.056892
-9.078624 6.950584 66.023804
-9.490369 7.189512 66.303123
-9.832850 7.388247 66.535454
-9.921747 7.439833 66.595757
-10.495669 7.772870 66.985092
-10.752587 7.921955 67.159378
-10.857036 7.982565 67.230232
-11.134509 8.143579 67.418465
-11.343201 8.264679 67.560036
-11.712067 8.478725 67.810265
-11.727865 8.487893 67.820984
-11.775971 8.515808 67.853615
-12.113255 8.711528 68.082420
-12.537723 8.957839 68.370369
-12.566580 8.974585 68.389946
-12.598851 8.993311 68.411835
-12.610326 8.999969 68.419617
-12.704248 9.054471 68.483330
-12.770306 9.092803 68.528145
-13.486256 9.508256 69.013824
-13.499392 9.515879 69.022736
-13.539244 9.539004 69.049767
-13.612004 9.581225 69.099129
-13.630423 9.591913 69.111626
-13.697295 9.630718 69.156990
-14.457114 10.071628 69.672432
-14.735519 10.233181 69.861298
-14.923640 10.342344 69.988914
-15.043174 10.411708 70.070000
-15.102514 10.446142 70.110252
-15.164223 10.481951 70.152115
-15.510974 10.683164 70.387344
-15.559509 10.711328 70.420273
-15.889410 10.902762 70.644066
-16.079666 11.013165 70.773132
-16.161154 11.060451 70.828415
-16.466469 11.237619 71.035530
-16.599892 11.315042 71.126038
-16.827124 11.446900 71.280190
-17.200239 11.663412 71.533302
-17.420683 11.791331 71.682846
-17.524441 11.851541 71.753235
-17.672113 11.937233 71.853416
-18.038687 12.149949 72.102089
-18.043245 12.152595 72.105179
-18.213709 12.251512 72.220818
-18.584894 12.466904 72.472618
-18.665283 12.513552 72.527153
-18.717699 12.543968 72.562714
-18.980160 12.696269 72.740761
-19.539473 13.020828 73.120186
-19.710703 13.120191 73.236343
-20.087057 13.338582 73.491653
-20.183170 13.394354 73.556854
-20.403576 13.522251 73.706375
-20.544167 13.603833 73.801750
-20.670982 13.677423 73.887779
-21.120810 13.938449 74.192932
-21.161657 13.962152 74.220642
-21.635593 14.237169 74.542152
-21.776257 14.318793 74.637573
-21.808657 14.337595 74.659554
-22.265394 14.602631 74.969391
-22.269045 14.604750 74.971870
-22.811737 14.919663 75.340019
-22.842583 14.937562 75.360947
-23.457575 15.294431 75.778145
-23.496117 15.316795 75.804291
-23.784075 15.483892 75.999634
-24.421730 15.853912 76.432205
-24.619852 15.968880 76.566605
-24.722712 16.028568 76.636383
-24.802416 16.074820 76.690453
-24.936285 16.152502 76.781265
-25.134773 16.267681 76.915916
-25.860329 16.688707 77.408119
-26.002203 16.771034 77.504364
-26.197952 16.884624 77.637154
-26.356071 16.976377 77.744415
-26.432180 17.020542 77.796043
-27.073910 17.392927 78.231377
-27.263058 17.502686 78.359688
-27.748480 17.784367 78.688988
-27.823034 17.827629 78.739563
-27.866751 17.852997 78.769218
-28.330826 18.122292 79.084038
-28.519249 18.231630 79.211861
-28.728424 18.353010 79.353760
-29.001110 18.511244 79.538742
-29.061401 18.546230 79.579643
-29.082996 18.558762 79.594292
-29.110565 18.574760 79.612991
-29.795681 18.972321 80.077759
-29.943043 19.057831 80.177727
-30.100317 19.149094 80.284416
-30.329536 19.282106 80.439911
-30.528454 19.397535 80.574852
-30.727938 19.513292 80.710175
-30.837126 19.576653 80.784248
-30.939554 19.636089 80.853729
-31.051256 19.700909 80.929504
-31.067787 19.710501 80.940720
-31.121479 19.741657 80.977142
-31.409395 19.908730 81.172455
-31.464432 19.940666 81.209793
-31.668674 20.059185 81.348343
-31.758709 20.111429 81.409416
-31.843214 20.160465 81.466743
-32.024464 20.265640 81.589699
-32.223061 20.380884 81.724426
-32.368214 20.465113 81.822891
-32.397068 20.481855 81.842468
-32.548927 20.569977 81.945488
-33.286762 20.998131 82.446022
-33.302692 21.007374 82.456825
-33.459198 21.098190 82.562996
-33.525330 21.136564 82.607857
-33.694912 21.234970 82.722900
-33.956852 21.386969 82.900597
-34.156723 21.502951 83.036186
-34.189922 21.522217 83.058708
-34.359203 21.620447 83.173546
-34.744873 21.844246 83.435173
-34.802082 21.877443 83.473984
-35.356075 22.198915 83.849800
-35.688648 22.391903 84.075409
-36.179428 22.676695 84.408340
-36.279442 22.734732 84.476189
-36.350185 22.775784 84.524178
-36.569664 22.903143 84.673065
-36.873035 23.079185 84.878868
-37.000042 23.152885 84.965027
-37.198460 23.268024 85.099632
-37.375370 23.370682 85.219643
-37.447033 23.412268 85.268257
-37.944553 23.700970 85.605766
-37.968391 23.714802 85.621933
-38.173653 23.833910 85.761177
-38.408794 23.970360 85.920692
-38.416962 23.975100 85.926231
-38.656597 24.114155 86.088791
-38.690178 24.133640 86.111572
-38.803551 24.199429 86.188484
-38.809509 24.202885 86.192528
-38.813152 24.204998 86.195000
-39.206905 24.433485 86.462112
-39.347786 24.515236 86.557678
-39.652424 24.692011 86.764336
-39.787022 24.770115 86.855644
-39.875332 24.821360 86.915550
-40.108795 24.956833 87.073929
-40.302769 25.069393 87.205513
-40.360809 25.103075 87.244888
-40.378433 25.113300 87.256844
-40.559616 25.218437 87.379753
-40.585670 25.233557 87.397430
-40.848137 25.385860 87.575478
-40.910488 25.422041 87.617775
-40.976368 25.460268 87.662468
-41.124519 25.546238 87.762970
-41.199291 25.589626 87.813690
-41.261471 25.625708 87.855873
-41.364895 25.685722 87.926033
-41.595970 25.819813 88.082787
-41.716396 25.889692 88.164482
-41.928825 26.012960 88.308586
-42.110180 26.118196 88.431610
-42.121521 26.124777 88.439301
-42.167225 26.151299 88.470306
-42.694160 26.457071 88.827766
-42.791683 26.513662 88.893921
-42.895145 26.573700 88.964104
-43.026150 26.649719 89.052971
-43.047195 26.661932 89.067245
-43.270576 26.791555 89.218781
-43.641075 27.006548 89.470116
-43.911835 27.163666 89.653793
-44.993874 27.791553 90.387825
-45.228291 27.927582 90.546852
-45.286362 27.961281 90.586250
-45.333450 27.988605 90.618195
-46.128174 28.449768 91.157318
-46.254387 28.523006 91.242935
-46.644012 28.749100 91.507248
-46.695854 28.779182 91.542412
-46.760025 28.816420 91.585945
-47.092533 29.009367 91.811508
-47.454952 29.219671 92.057365
-47.714512 29.370289 92.233444
-48.073406 29.578548 92.476913
-48.105503 29.597176 92.498688
-48.171406 29.635418 92.543396
-48.562145 29.862156 92.808464
-48.601173 29.884802 92.834938
-48.781906 29.989677 92.957542
-49.177334 30.219137 93.225792
-49.217361 30.242365 93.252945
-49.325802 30.305290 93.326508
-49.912788 30.645908 93.724709
-50.260376 30.847607 93.960503
-50.327080 30.886314 94.005753
-50.413025 30.936186 94.064056
-50.695045 31.099838 94.255371
-50.755344 31.134829 94.296280
-51.039673 31.299818 94.489159
-51.704926 31.685852 94.940453
