-37.273453 37.518852 70.014297
-36.179253 36.719646 70.031487
-34.845730 35.745640 70.052429
-34.543743 35.525066 70.057175
-33.769478 34.959541 70.069336
-33.738380 34.936829 70.069824
-32.247829 33.848129 70.093231
-30.667212 32.693645 70.118057
-30.594187 32.640308 70.119202
-29.629557 31.935741 70.134354
-29.056492 31.517176 70.143356
-28.230236 30.913677 70.156334
-27.516460 30.392334 70.167542
-27.354319 30.273905 70.170090
-27.134121 30.113073 70.173546
-26.445833 29.610348 70.184357
-26.217201 29.443354 70.187950
-25.810144 29.146038 70.194344
-24.967964 28.530909 70.207573
-24.789389 28.400476 70.210381
-24.493643 28.184464 70.215027
-23.210201 27.247036 70.235184
-23.132198 27.190062 70.236412
-22.560333 26.772371 70.245392
-22.301662 26.583437 70.249458
-22.053133 26.401911 70.253365
-21.533371 26.022276 70.261528
-18.832998 24.049921 70.303940
-17.727949 23.242792 70.321297
-17.442249 23.034117 70.325783
-17.307865 22.935963 70.327896
-17.030815 22.733604 70.332245
-16.457670 22.314980 70.341248
-15.954167 21.947220 70.349159
-15.816730 21.846836 70.351318
-15.720448 21.776512 70.352829
-14.138048 20.620726 70.377686
-13.823600 20.391052 70.382622
-12.102615 19.134043 70.409653
-10.836125 18.208998 70.429543
-10.552747 18.002018 70.433990
-10.245027 17.777260 70.438820
-9.717985 17.392309 70.447098
-9.480728 17.219017 70.450821
-9.064905 16.915300 70.457352
-8.655593 16.616339 70.463783
-7.370066 15.677388 70.483971
-6.647266 15.149454 70.495323
-5.549710 14.347797 70.512558
-4.744519 13.759686 70.525208
-4.713546 13.737062 70.525696
-2.133040 11.852258 70.566223
-1.811182 11.617172 70.571281
-1.045099 11.057624 70.583313
0.677743 9.799258 70.610374
0.818771 9.696252 70.612587
1.682199 9.065603 70.626144
1.961282 8.861760 70.630531
2.168036 8.710748 70.633781
2.184575 8.698668 70.634041
2.946338 8.142275 70.646004
4.368557 7.103485 70.668343
4.619084 6.920500 70.672279
4.832285 6.764778 70.675629
5.549292 6.241075 70.686890
6.174428 5.784475 70.696709
6.446012 5.586110 70.700974
6.434788 6.066168 70.824913
6.416920 6.830387 71.022217
6.377524 8.515405 71.457245
6.375651 8.595515 71.477928
6.367890 8.927433 71.563622
6.358846 9.314285 71.663498
6.342513 9.242420 71.755646
6.315991 9.125726 71.905273
6.220190 8.992839 72.041039
6.184862 8.943834 72.091103
6.176342 8.932016 72.103172
5.954164 8.623830 72.418037
5.921130 8.615847 72.461403
5.513137 8.517255 72.997002
5.388927 8.487239 73.160057
5.346914 8.477087 73.215210
5.164910 8.433105 73.454140
4.945961 8.380196 73.741570
4.704185 8.321771 74.058960
4.683287 8.316720 74.086395
4.204567 8.201036 74.714844
2.856326 7.875232 76.484764
2.165120 7.708201 77.392159
2.012594 7.671343 77.592392
1.805945 7.621407 77.863670
1.707970 7.597731 77.992287
1.508912 7.549628 78.253601
1.501917 7.547938 78.262787
0.372666 7.275053 79.745224
0.114635 7.212699 80.083961
0.063505 7.200344 80.151085
-0.256845 7.122931 80.571632
-0.768017 6.999405 81.242683
-0.816560 6.987674 81.306412
-0.921208 6.962386 81.443787
-1.143579 6.908649 81.735710
-1.954822 6.712612 82.800682
-2.576351 6.562418 83.616600
-2.776554 6.514039 83.879417
-2.925646 6.478011 84.075142
-2.914076 6.487061 84.016113
-2.857816 6.531070 83.729073
-2.801481 6.575136 83.441650
-2.723121 6.636432 83.041855
-2.673575 6.675189 82.789070
-2.655149 6.689602 82.695061
-2.533941 6.784415 82.076653
-2.500348 6.829658 82.039307
-2.437353 6.914499 81.969269
-2.119744 7.342247 81.616150
-2.100173 7.368604 81.594391
-2.066861 7.413469 81.557358
-2.049394 7.436993 81.537941
-1.892751 7.647956 81.363785
-1.887756 7.654684 81.358231
-1.465074 8.223943 80.888298
-1.269326 8.487571 80.670670
-0.744594 9.194269 80.087273
-0.687742 9.270836 80.024063
-0.668394 9.296893 80.002556
-0.440737 9.603497 79.749451
-0.412374 9.641695 79.717918
-0.360084 9.712118 79.659782
0.380295 10.709245 78.836632
0.674217 11.105091 78.509850
0.750694 11.208089 78.424820
0.809210 11.286898 78.359764
0.825382 11.309544 78.309258
0.843818 11.335360 78.251678
0.855899 11.352277 78.213951
0.949580 11.448314 78.216721
1.102988 11.605579 78.221252
1.283047 11.790167 78.226578
1.437853 11.948866 78.231155
1.525741 12.038965 78.233757
1.806690 12.326979 78.242065
1.904768 12.427524 78.244965
2.284160 12.816457 78.256180
2.386558 12.921431 78.259209
2.435209 12.971305 78.260651
2.506743 13.044638 78.262764
2.929021 13.477535 78.275246
2.931576 13.480154 78.275322
3.202075 13.757457 78.283318
3.222814 13.778717 78.283928
3.248061 13.804599 78.284676
3.350237 13.909344 78.287697
3.659382 14.226263 78.296837
3.861279 14.433237 78.302803
4.141951 14.720967 78.311104
4.299225 14.882196 78.315750
4.735229 15.329165 78.328644
4.826778 15.423017 78.331352
5.275252 15.882769 78.344612
5.323109 15.931829 78.346024
5.494186 16.107208 78.351082
5.896625 16.519768 78.362984
6.012074 16.638121 78.366394
6.119323 16.748066 78.369568
6.300918 16.934227 78.374939
6.653082 17.295248 78.385353
7.094129 17.747387 78.398392
7.221465 17.877926 78.402153
7.348340 18.007992 78.405907
7.524682 18.188768 78.411118
7.866949 18.539642 78.421234
8.023410 18.700039 78.425858
8.035072 18.711994 78.426201
8.056290 18.733746 78.426826
8.911306 19.610264 78.452103
8.918280 19.617413 78.452309
9.338118 20.047808 78.464722
9.420545 20.132307 78.467155
10.032069 20.759211 78.485237
10.306060 21.040091 78.493340
10.568917 21.309559 78.501114
10.687259 21.430876 78.504616
10.702878 21.446888 78.505081
10.706084 21.450174 78.505173
10.800731 21.547201 78.507973
10.830980 21.578211 78.508865
11.189537 21.945786 78.519463
11.318220 22.077705 78.523270
11.412642 22.174501 78.526062
11.426235 22.188437 78.526466
11.481575 22.245167 78.528099
11.692559 22.461456 78.534340
11.828860 22.601185 78.538368
12.063945 22.842182 78.545319
12.624547 23.416883 78.561890
12.696342 23.490484 78.564011
12.740674 23.535931 78.565323
12.828310 23.625771 78.567917
12.950024 23.750546 78.571518
13.321102 24.130957 78.582489
13.658492 24.476831 78.592461
13.761124 24.582045 78.595497
14.016082 24.843414 78.603035
14.022930 24.850435 78.603241
14.792380 25.639236 78.625992
14.847426 25.695667 78.627617
14.856837 25.705315 78.627892
15.162354 26.018515 78.636925
15.812125 26.684628 78.656136
16.333876 27.219500 78.671562
16.750475 27.646576 78.683876
16.784492 27.681448 78.684883
17.134523 28.040281 78.695229
17.398090 28.310476 78.703018
17.514584 28.429899 78.706459
17.597385 28.514782 78.708908
17.756626 28.678028 78.713615
17.785656 28.707788 78.714470
18.114927 29.045340 78.724205
18.491209 29.431084 78.735329
18.652840 29.596779 78.740105
18.918650 29.869274 78.747963
19.928474 30.904495 78.777817
20.246668 31.230690 78.787224
20.585436 31.577978 78.797241
20.664419 31.658949 78.799576
20.738924 31.735327 78.801781
21.280291 32.290306 78.817787
21.284542 32.294666 78.817909
21.422434 32.436028 78.821983
21.511683 32.527519 78.824623
21.832506 32.856411 78.834106
22.325897 33.362209 78.848694
22.367872 33.405239 78.849937
22.910101 33.961105 78.865967
22.937664 33.989361 78.866783
22.990993 34.044029 78.868362
23.131672 34.188248 78.872520
23.254845 34.314518 78.876160
23.826395 34.900444 78.893059
24.179634 35.262566 78.903503
24.188297 35.271446 78.903763
24.210924 35.294640 78.904434
24.440081 35.529560 78.911209
24.502119 35.593159 78.913040
24.595064 35.688442 78.915787
25.090183 36.196014 78.930428
25.162483 36.270134 78.932564
25.238182 36.347736 78.934799
25.661224 36.781418 78.947304
25.841045 36.965759 78.952621
25.949112 37.076542 78.955818
26.183777 37.317108 78.962753
26.281052 37.416828 78.965630
26.306076 37.442482 78.966370
26.395479 37.534134 78.969009
26.836033 37.985767 78.982033
26.846058 37.996044 78.982330
27.426579 38.591164 78.999496
27.772654 38.945942 79.009727
27.805845 38.979969 79.010712
27.836872 39.011776 79.011627
27.851074 39.026337 79.012047
27.882748 39.058807 79.012985
27.941032 39.118557 79.014709
28.095791 39.277206 79.019287
28.102802 39.284393 79.019493
28.254618 39.440025 79.023979
28.493662 39.685081 79.031044
29.148817 40.356712 79.050415
29.173149 40.381657 79.051132
29.397739 40.611897 79.057770
29.616850 40.836517 79.064247
29.647781 40.868225 79.065163
30.000185 41.229492 79.075584
30.378265 41.617081 79.086761
31.197180 42.456589 79.110970
31.262161 42.523205 79.112892
31.321735 42.584278 79.114655
31.373802 42.637653 79.116196
31.407772 42.672478 79.117203
31.619791 42.889828 79.123474
32.075161 43.356647 79.136940
32.153004 43.436447 79.139244
32.234825 43.520329 79.141663
32.289108 43.575977 79.143265
32.575451 43.869522 79.151733
32.827663 44.128075 79.159187
32.923622 44.226448 79.162025
32.969898 44.273888 79.163391
33.020847 44.326115 79.164894
33.098927 44.406158 79.167206
33.110706 44.418236 79.167557
33.268414 44.579910 79.172218
33.592247 44.911888 79.181793
33.683334 45.005264 79.184486
33.841019 45.166912 79.189148
34.308567 45.646217 79.202972
34.459480 45.800926 79.207436
34.675827 46.022713 79.213829
34.791065 46.140850 79.217239
34.806732 46.156910 79.217705
35.161896 46.521004 79.228203
35.722862 47.096077 79.244789
35.897408 47.275013 79.249947
35.938950 47.317596 79.251175
36.329548 47.718018 79.262726
36.488453 47.880917 79.267426
