20.415226 48.790268 69.981628
20.408781 48.761890 69.981155
20.393164 48.693127 69.980003
20.370987 48.595482 69.978371
20.246540 48.047558 69.969215
20.226673 47.960091 69.967751
20.219498 47.928501 69.967224
20.175804 47.736126 69.964012
20.157234 47.654369 69.962646
20.086668 47.343674 69.957451
20.047543 47.171410 69.954575
20.028608 47.088043 69.953178
19.973497 46.845394 69.949120
19.966818 46.815983 69.948631
19.963539 46.801552 69.948387
19.880424 46.435608 69.942268
19.812662 46.137257 69.937279
19.696413 45.625423 69.928726
19.678392 45.546085 69.927399
19.653685 45.437302 69.925583
19.625532 45.313351 69.923508
19.595982 45.183243 69.921333
19.528421 44.885784 69.916359
19.492531 44.727760 69.913719
19.473312 44.643143 69.912308
19.469687 44.627178 69.912041
19.455420 44.564362 69.910988
19.439289 44.493340 69.909798
19.382530 44.243439 69.905624
19.196035 43.422318 69.891899
19.174711 43.328430 69.890327
19.120581 43.090103 69.886345
19.020954 42.651455 69.879013
18.986425 42.499428 69.876472
18.965881 42.408978 69.874962
18.933880 42.268082 69.872604
18.896654 42.104183 69.869865
18.828182 41.802704 69.864830
18.776846 41.576679 69.861053
18.773724 41.562927 69.860825
18.663347 41.076954 69.852699
18.659575 41.060341 69.852425
18.655771 41.043594 69.852142
18.546377 40.561947 69.844093
18.462090 40.190838 69.837891
18.427485 40.038479 69.835342
18.423765 40.022099 69.835068
18.420025 40.005627 69.834793
18.416040 39.988083 69.834503
18.393408 39.888439 69.832840
18.348856 39.692280 69.829559
18.309357 39.518368 69.826653
18.301281 39.482811 69.826057
18.299732 39.475986 69.825943
18.214962 39.102753 69.819702
18.185886 38.974731 69.817566
18.181501 38.955425 69.817245
18.149786 38.815788 69.814911
18.147207 38.804436 69.814720
18.062191 38.430119 69.808464
18.043156 38.346310 69.807060
17.996222 38.139664 69.803604
17.991158 38.117371 69.803230
17.987299 38.100380 69.802948
17.980707 38.071354 69.802460
17.979073 38.064156 69.802338
17.978678 38.062416 69.802307
17.948200 37.928226 69.800064
17.922264 37.814034 69.798157
17.843821 37.468658 69.792381
17.766979 37.130329 69.786728
17.658133 36.651089 69.778717
17.633278 36.541660 69.776886
17.491030 35.915356 69.766418
17.428009 35.637886 69.761780
17.405205 35.537479 69.760101
17.280357 34.987789 69.750916
17.227669 34.755810 69.747040
17.205360 34.657589 69.745399
17.132599 34.337227 69.740044
17.124350 34.300911 69.739433
17.088703 34.143967 69.736809
17.088417 34.142708 69.736786
17.071966 34.070278 69.735573
16.979342 33.662464 69.728760
16.956120 33.560219 69.727051
16.953136 33.547085 69.726830
16.903675 33.329315 69.723190
16.818048 32.952309 69.716888
16.809664 32.915394 69.716270
16.787582 32.818176 69.714645
16.749456 32.650307 69.711838
16.731520 32.571335 69.710518
16.714552 32.496632 69.709267
16.682964 32.357559 69.706940
16.619726 32.079132 69.702286
16.579226 31.900810 69.699303
16.577412 31.892826 69.699173
16.549908 31.771732 69.697151
16.543610 31.743999 69.696686
16.474295 31.438810 69.691582
16.471933 31.428413 69.691406
16.326771 30.789282 69.680725
16.302311 30.681585 69.678925
16.287888 30.618078 69.677864
16.280043 30.583538 69.677284
16.231951 30.371798 69.673744
16.224911 30.340797 69.673225
16.145357 29.990528 69.667374
16.113503 29.850273 69.665031
16.069035 29.654486 69.661758
16.042080 29.535807 69.659775
15.974000 29.236059 69.654762
15.958352 29.167162 69.653610
15.932990 29.055498 69.651741
15.910092 28.954683 69.650055
15.909774 28.953283 69.650032
15.874292 28.797062 69.647423
15.872560 28.789433 69.647293
15.842964 28.659130 69.645119
15.832750 28.614161 69.644363
15.800605 28.472630 69.641998
15.795059 28.448214 69.641594
15.791354 28.431902 69.641319
15.744252 28.224518 69.637856
15.701535 28.036442 69.634712
15.698259 28.022017 69.634468
15.614236 27.652069 69.628288
15.600906 27.593382 69.627304
15.526996 27.267962 69.621864
15.520123 27.237701 69.621361
15.497536 27.138248 69.619698
15.394780 26.685827 69.612137
15.319788 26.355646 69.606621
15.317199 26.344248 69.606430
15.303476 26.283827 69.605423
15.251398 26.054529 69.601593
15.238629 25.998308 69.600655
15.165802 25.677656 69.595299
15.145662 25.588984 69.593819
15.129328 25.517063 69.592613
15.119010 25.471634 69.591850
15.117173 25.463547 69.591713
15.113834 25.448847 69.591469
15.113517 25.447447 69.591446
15.091218 25.349268 69.589806
15.074522 25.275757 69.588577
15.060705 25.214924 69.587563
15.008201 24.983753 69.583702
14.898985 24.502888 69.575668
14.890660 24.466234 69.575058
14.872396 24.385820 69.573715
14.857167 24.318769 69.572594
14.856324 24.315058 69.572533
14.854364 24.306431 69.572388
14.723127 23.728609 69.562729
14.717643 23.704462 69.562325
14.710388 23.672520 69.561790
14.678038 23.530083 69.559410
14.647503 23.395643 69.557159
14.634703 23.339287 69.556221
14.595538 23.166847 69.553337
14.589499 23.140261 69.552895
14.579972 23.098312 69.552193
14.534313 22.897282 69.548836
14.525501 22.858486 69.548187
14.487806 22.692522 69.545410
14.471539 22.620903 69.544212
14.467358 22.602491 69.543907
14.408796 22.344654 69.539597
14.399937 22.305645 69.538948
14.364847 22.151152 69.536369
14.355734 22.111027 69.535698
14.353141 22.099611 69.535507
14.348131 22.077557 69.535141
14.310158 21.910362 69.532349
14.304285 21.884504 69.531914
14.258951 21.684906 69.528580
14.240675 21.604441 69.527237
14.227123 21.544771 69.526237
14.215083 21.491758 69.525352
14.204381 21.444637 69.524567
14.198655 21.419428 69.524147
14.152651 21.216877 69.520760
14.044754 20.741821 69.512817
14.044653 20.741377 69.512810
14.024797 20.653957 69.511345
14.010564 20.591288 69.510300
13.923018 20.205832 69.503860
13.918186 20.184559 69.503502
13.905446 20.128468 69.502563
13.899716 20.103239 69.502144
13.877086 20.003599 69.500481
13.734688 19.376635 69.490005
13.678622 19.129784 69.485878
13.659080 19.043739 69.484444
13.657311 19.035957 69.484314
13.655626 19.028536 69.484192
13.650729 19.006975 69.483833
13.643585 18.975523 69.483307
13.638651 18.953796 69.482941
13.506138 18.370356 69.473190
13.498335 18.336000 69.472618
13.429084 18.031094 69.467522
13.403112 17.916746 69.465614
13.396133 17.886017 69.465103
13.364361 17.746126 69.462769
13.354263 17.701666 69.462029
13.342215 17.648617 69.461143
13.240765 17.201942 69.453682
13.232485 17.165485 69.453072
13.208582 17.060242 69.451309
13.180853 16.938156 69.449272
13.065743 16.431343 69.440804
13.062103 16.415318 69.440536
12.994114 16.115967 69.435532
12.952779 15.933973 69.432487
12.948428 15.914820 69.432167
12.929611 15.831971 69.430786
12.928679 15.827868 69.430717
12.859845 15.524798 69.425652
12.857454 15.514270 69.425476
12.850771 15.484845 69.424988
12.823695 15.365633 69.422997
12.737784 14.987379 69.416672
12.733418 14.968152 69.416351
12.722071 14.918195 69.415520
12.706146 14.848080 69.414345
12.560988 14.208965 69.403664
12.555899 14.186554 69.403290
12.484188 13.870820 69.398010
12.446169 13.703427 69.395210
12.437086 13.663436 69.394539
12.414264 13.562953 69.392860
12.412963 13.557225 69.392761
12.335212 13.214897 69.387039
12.244009 12.813339 69.380325
12.214729 12.684426 69.378174
12.204459 12.639210 69.377419
12.198407 12.612563 69.376976
12.171957 12.496106 69.375031
12.141283 12.361054 69.372772
12.045625 11.939883 69.365730
12.040331 11.916574 69.365341
12.011185 11.788246 69.363197
12.000295 11.740296 69.362396
11.993073 11.708502 69.361862
11.989892 11.694496 69.361626
11.932284 11.440857 69.357384
11.907286 11.330790 69.355545
11.862805 11.134948 69.352272
11.796430 10.842702 69.347389
11.787881 10.805064 69.346764
11.724497 10.525990 69.342102
11.719687 10.504817 69.341751
11.705374 10.441797 69.340698
11.679364 10.327278 69.338783
11.678164 10.321992 69.338692
11.652349 10.208330 69.336792
11.637204 10.141651 69.335678
11.568118 9.837474 69.330597
11.485719 9.474677 69.324532
11.459108 9.357512 69.322571
11.451421 9.323665 69.322006
11.380527 9.011528 69.316788
11.331691 8.796508 69.313194
11.295407 8.636754 69.310524
11.294499 8.632757 69.310455
11.173159 8.098509 69.301529
11.169186 8.081017 69.301239
11.166348 8.068526 69.301033
11.163469 8.055849 69.300819
11.162733 8.052609 69.300766
11.143565 7.968214 69.299355
11.112447 7.831201 69.297066
11.089983 7.732297 69.295410
11.029219 7.464760 69.290939
10.980392 7.249785 69.287346
10.896357 6.879784 69.281158
10.837139 6.619056 69.276802
10.788617 6.405418 69.273232
10.744048 6.209187 69.269951
10.728892 6.142457 69.268837
10.711692 6.066726 69.267570
10.704793 6.036353 69.267059
10.611284 5.624645 69.260178
10.603010 5.588214 69.259567
10.589013 5.526587 69.258537
10.544545 5.330801 69.255264
10.443997 4.888102 69.247864
10.432174 4.836042 69.246994
10.426190 4.809700 69.246552
10.367365 4.550700 69.242226
10.365926 4.544362 69.242119
10.328185 4.378194 69.239342
10.275767 4.147405 69.235481
10.195725 3.794988 69.229591
10.177152 3.713209 69.228226
10.150127 3.594223 69.226234
10.127328 3.493838 69.224556
10.111627 3.424709 69.223404
9.994920 2.910862 69.214813
9.950883 2.716973 69.211571
9.924557 2.601063 69.209633
9.904949 2.514734 69.208191
9.887898 2.439660 69.206940
9.858361 2.309612 69.204765
9.845237 2.251826 69.203796
9.826641 2.169950 69.202431
9.824301 2.159645 69.202255
9.102873 2.028398 69.408821
9.097494 2.021932 69.412231
9.063224 1.980742 69.433945
9.002172 1.907363 69.472633
9.000609 1.905485 69.473625
8.817005 1.684808 69.589966
8.773427 1.632431 69.617577
8.656820 1.492279 69.691467
8.304215 1.068476 69.914894
8.297414 1.060301 69.919205
8.296797 1.059560 69.919594
8.271624 1.029304 69.935547
8.182269 0.921907 69.992165
8.140380 0.871560 70.018707
8.054445 0.768274 70.073158
8.052867 0.766377 70.074158
8.019994 0.726866 70.094986
