-37.465466 37.314922 70.012375
-37.078869 36.847313 70.019035
-37.041817 36.802494 70.019676
-36.986794 36.735943 70.020622
-36.959854 36.703358 70.021088
-36.860352 36.583004 70.022804
-36.513119 36.163010 70.028786
-36.464142 36.103771 70.029633
-36.440742 36.075470 70.030037
-36.304253 35.910381 70.032387
-36.260334 35.857258 70.033142
-35.950684 35.482723 70.038475
-35.906509 35.429291 70.039238
-35.799870 35.300304 70.041077
-35.744911 35.233829 70.042023
-35.615242 35.076988 70.044258
-35.570560 35.022945 70.045029
-35.471203 34.902767 70.046738
-35.447174 34.873703 70.047150
-35.423252 34.844765 70.047562
-35.313320 34.711796 70.049454
-35.237667 34.620289 70.050758
-35.193970 34.567432 70.051514
-34.916508 34.231831 70.056297
-34.805294 34.097313 70.058212
-34.786621 34.074726 70.058533
-34.709816 33.981823 70.059853
-34.615440 33.867668 70.061478
-34.139416 33.291893 70.069679
-33.942520 33.053738 70.073074
-33.934097 33.043552 70.073219
-33.899971 33.002274 70.073807
-33.582756 32.618587 70.079269
-32.954002 31.858080 70.090103
-32.950569 31.853930 70.090164
-32.849167 31.731279 70.091911
-32.141483 30.875303 70.104103
-32.035397 30.746984 70.105934
-31.682570 30.320223 70.112015
-31.668043 30.302652 70.112267
-31.643063 30.272438 70.112694
-31.512638 30.114683 70.114944
-31.505327 30.105841 70.115074
-31.481798 30.077381 70.115479
-31.441708 30.028889 70.116173
-31.194201 29.729519 70.120438
-30.936625 29.417969 70.124878
-30.884016 29.354336 70.125786
-30.244516 28.580832 70.136803
-30.193604 28.519251 70.137680
-30.159613 28.478138 70.138268
-29.939154 28.211483 70.142067
-29.749798 27.982449 70.145332
-29.725084 27.952557 70.145760
-29.560404 27.753366 70.148598
-29.557467 27.749813 70.148651
-29.448111 27.617542 70.150536
-29.401915 27.561666 70.151329
-29.268465 27.400253 70.153625
-29.251410 27.379623 70.153923
-29.206553 27.325367 70.154694
-29.174828 27.286995 70.155243
-29.054266 27.141171 70.157318
-29.053301 27.140003 70.157333
-29.022367 27.102589 70.157867
-29.000423 27.076046 70.158249
-28.671797 26.678556 70.163910
-28.395676 26.344576 70.168671
-28.332258 26.267870 70.169762
-28.173473 26.075811 70.172501
-28.170221 26.071878 70.172554
-28.137508 26.032310 70.173119
-28.082935 25.966301 70.174057
-28.047188 25.923063 70.174675
-27.954853 25.811378 70.176270
-27.953115 25.809278 70.176300
-27.789213 25.611031 70.179123
-27.713491 25.519444 70.180428
-27.557852 25.331190 70.183105
-27.494926 25.255079 70.184189
-27.293600 25.011564 70.187660
-27.105288 24.783791 70.190903
-26.411396 23.944496 70.202858
-26.408926 23.941507 70.202904
-26.301527 23.811604 70.204758
-26.292837 23.801092 70.204910
-26.119699 23.591673 70.207893
-26.102873 23.571321 70.208183
-26.022293 23.473856 70.209572
-25.939171 23.373316 70.211006
-25.888649 23.312206 70.211876
-25.828566 23.239532 70.212914
-25.782051 23.183271 70.213715
-25.751263 23.146030 70.214249
-25.480923 22.819040 70.218903
-25.157736 22.428131 70.224472
-24.872606 22.083254 70.229385
-24.805113 22.001617 70.230545
-24.786030 21.978535 70.230873
-24.352594 21.454273 70.238342
-24.332558 21.430037 70.238686
-24.214058 21.286707 70.240730
-24.107367 21.157660 70.242569
-23.786840 20.769968 70.248093
-23.755802 20.732426 70.248627
-23.362745 20.257006 70.255402
-23.102518 19.942249 70.259888
-22.843527 19.628986 70.264351
-22.573793 19.302732 70.268997
-22.552383 19.276834 70.269363
-22.365423 19.050697 70.272583
-22.265162 18.929426 70.274307
-22.218369 18.872828 70.275116
-21.888033 18.473270 70.280807
-21.856642 18.435301 70.281349
-21.797995 18.364365 70.282356
-21.645208 18.179564 70.284988
-21.590256 18.113094 70.285934
-21.573444 18.092760 70.286224
-21.511337 18.017637 70.287292
-21.413675 17.899511 70.288979
-21.283016 17.741474 70.291229
-20.633850 16.956278 70.302414
-20.610491 16.928024 70.302818
-20.607428 16.924318 70.302872
-20.488317 16.780249 70.304924
-20.471565 16.759987 70.305214
-20.458372 16.744028 70.305443
-20.217442 16.452610 70.309593
-20.116388 16.330379 70.311333
-19.991613 16.179459 70.313484
-19.714458 15.844226 70.318260
-19.646935 15.762552 70.319420
-19.527718 15.618354 70.321472
-19.395552 15.458493 70.323746
-19.091288 15.090471 70.328987
-18.907818 14.868557 70.332146
-18.899979 14.859076 70.332283
-18.871140 14.824194 70.332779
-18.863846 14.815372 70.332901
-18.766376 14.697477 70.334579
-18.766346 14.697440 70.334579
-18.688980 14.603862 70.335915
-18.685427 14.599564 70.335976
-18.255375 14.079395 70.343384
-18.091677 13.881393 70.346207
-18.049501 13.830380 70.346931
-17.994831 13.764253 70.347870
-17.986008 13.753580 70.348022
-17.317926 12.945503 70.359535
-16.840618 12.368176 70.367760
-16.468557 11.918150 70.374168
-16.289013 11.700983 70.377258
-16.263680 11.670342 70.377693
-15.840866 11.158930 70.384979
-15.691745 10.978560 70.387550
-15.633905 10.908601 70.388550
-15.542480 10.798018 70.390121
-15.493576 10.738866 70.390961
-15.302790 10.508101 70.394249
-15.124128 10.292002 70.397324
-14.971796 10.107749 70.399948
-14.952054 10.083870 70.400291
-14.752543 9.842552 70.403732
-14.708241 9.788966 70.404495
-14.595197 9.652233 70.406441
-14.544052 9.590372 70.407318
-14.384112 9.396917 70.410072
-14.353538 9.359936 70.410599
-14.302732 9.298485 70.411476
-14.002936 8.935867 70.416641
-13.980611 8.908864 70.417023
-13.951371 8.873497 70.417526
-13.778067 8.663877 70.420509
-13.764216 8.647125 70.420746
-13.732980 8.609343 70.421288
-13.697045 8.565879 70.421906
-13.662667 8.524298 70.422501
-13.659154 8.520048 70.422562
-13.548269 8.385928 70.424469
